MYSQL_HOST=your_sql_host
MYSQL_PORT=your_sql_port
MYSQL_DB=your_database
MYSQL_USER=your_username
MYSQL_PASS=your_password

H264_2160P_BITRATES=[19400,19600,19800,20000,20200,20400,20600]
H264_1440P_BITRATES=[9400,9600,9800,10000,10200,10400,10600]
H264_1080P_BITRATES=[3800,4000,4200,4400,4600,4800,5000]
H264_720P_BITRATES=[1400,1600,1800,2000,2200,2400,2600,2800,3600]
H264_480P_BITRATES=[700,800,900,1000,1200,1400,1600]
H264_360P_BITRATES=[100,200,300]
H264_240P_BITRATES=[124,224,324]

H265_2160P_BITRATES=[11400,11600,11800,12000,12200,12400,12600]
H265_1440P_BITRATES=[4400,4600,4800,5000,5200,5400,5600]
H265_1080P_BITRATES=[2000,2200,2400,2600,2800,3000,3200,3400,3600,3800,4000,4200,4400,4600,4800,5000]
H265_720P_BITRATES=[500,600,700,800,900,1000,1200,1400,1600,1800]
H265_480P_BITRATES=[300,400,500,600,700,800,900]
H265_360P_BITRATES=[100,200,300,400,500,600]